,Digital Transformation & Smart Cities,Climate Change & Environmental Sustainability,Urban Mobility & Transportation,Social Equity & Quality of Life,Urban Development & Land Use,Urban Resilience & Safety,Total
Global,124,141,19,30,33,7,354
Individual,103,37,14,37,9,7,207
Local,1712,1188,487,335,379,204,4305
National,44,110,7,24,34,3,222
Regional,57,150,11,41,47,7,313
Supranational,12,19,1,3,4,0,39
Total,2052,1645,539,470,506,228,5440
